0.61005699634552
0.61005699634552
0.694117546081543
0.7028692364692688
0.7050809860229492
0.7198578715324402
0.6977630853652954
0.6789214015007019
0.683897852897644
0.68194580078125
0.6920114755630493
0.692771315574646
0.681472897529602
0.609827995300293
0.654589056968689
0.6901650428771973
0.6549217104911804
0.6582664251327515
0.6494216918945312
0.6090573072433472
0.6949559450149536
0.7109898328781128
0.7071345448493958
0.7204062342643738
0.7029621005058289
0.6462743878364563
0.7054149508476257
0.7324477434158325
0.7630115747451782
0.7613757848739624
0.7583476305007935
0.5961602926254272
0.62092125415802
0.6387039422988892
0.6346575021743774
0.6305660009384155
0.6381927728652954
